package com.example.apple.bakebar.Entity;

import com.example.apple.bakebar.R;

/**
 * Created by apple on 2017/10/31.
 */

public final class ConstantsImages {

    public static final String BASE_LOCAL_TEXT_URL="breakBar/text/";
    public static final String BASE_LOCAL_IMG_URL="breakBar/image/";

    public static final String[] BAKE_MAIN = new String[]{
            "http://39.106.136.75:8080/BreakBar/bakeMainImage/img1.jpg",
            "http://39.106.136.75:8080/BreakBar/bakeMainImage/img2.jpg",
            "http://39.106.136.75:8080/BreakBar/bakeMainImage/img3.jpg",
            "http://39.106.136.75:8080/BreakBar/bakeMainImage/img4.jpg",
            "http://39.106.136.75:8080/BreakBar/bakeMainImage/img5.jpg",
            "http://39.106.136.75:8080/BreakBar/bakeMainImage/img6.jpg",
            "http://39.106.136.75:8080/BreakBar/bakeMainImage/img7.jpg",
            "http://39.106.136.75:8080/BreakBar/bakeMainImage/img8.jpg",
            "http://39.106.136.75:8080/BreakBar/bakeMainImage/img9.jpg",
            "http://39.106.136.75:8080/BreakBar/bakeMainImage/img10.jpg"
    };

    public static final String[] BAKE_STUDIO = new String[]{
            "http://39.106.136.75:8080/BreakBar/bakeStudioImage/img1.jpg",
            "http://39.106.136.75:8080/BreakBar/bakeStudioImage/img2.jpg",
            "http://39.106.136.75:8080/BreakBar/bakeStudioImage/img3.jpg",
            "http://39.106.136.75:8080/BreakBar/bakeStudioImage/img4.jpg",
            "http://39.106.136.75:8080/BreakBar/bakeStudioImage/img5.jpg",
            "http://39.106.136.75:8080/BreakBar/bakeStudioImage/img6.jpg",
            "http://39.106.136.75:8080/BreakBar/bakeStudioImage/img7.jpg",
    };

    public static final String[] BAKE_CATEGORIES = new String[]{
            "http://39.106.136.75:8080/BreakBar/bakeCategoriesImage/img1.jpg",
            "http://39.106.136.75:8080/BreakBar/bakeCategoriesImage/img2.jpg",
            "http://39.106.136.75:8080/BreakBar/bakeCategoriesImage/img3.jpg",
            "http://39.106.136.75:8080/BreakBar/bakeCategoriesImage/img4.jpg",
            "http://39.106.136.75:8080/BreakBar/bakeCategoriesImage/img5.jpg",
            "http://39.106.136.75:8080/BreakBar/bakeCategoriesImage/img6.jpg",
            "http://39.106.136.75:8080/BreakBar/bakeCategoriesImage/img7.jpg",
    };

    public static final String[] BAKE_SHOP = new String[]{
            // Heavy images
            "http://img5.imgtn.bdimg.com/it/u=1341330770,1460594343&fm=27&gp=0.jpg",
            "http://img0.imgtn.bdimg.com/it/u=481782362,2281281238&fm=27&gp=0.jpg",
            "http://img3.imgtn.bdimg.com/it/u=2662295575,2327163720&fm=27&gp=0.jpg",
            "http://img5.imgtn.bdimg.com/it/u=2223618349,4183697870&fm=27&gp=0.jpg",
            "http://img3.imgtn.bdimg.com/it/u=1246541772,2879869611&fm=27&gp=0.jpg",
            // Special cases
            "http://cdn.urbanislandz.com/wp-content/uploads/2011/10/MMSposter-large.jpg", // Very large image
            "http://www.ioncannon.net/wp-content/uploads/2011/06/test9.webp", // WebP image
            "http://4.bp.blogspot.com/-LEvwF87bbyU/Uicaskm-g6I/AAAAAAAAZ2c/V-WZZAvFg5I/s800/Pesto+Guacamole+500w+0268.jpg", // Image with "Mark has been invalidated" problem
            "file:///sdcard/Universal Image Loader @#&=+-_.,!()~'%20.png", // Image from SD card with encoded symbols
            "assets://Living Things @#&=+-_.,!()~'%20.jpg", // Image from assets
            "mipmap://" + R.mipmap.ic_launcher, // Image from drawables
            "http://upload.wikimedia.org/wikipedia/ru/b/b6/Как_кот_с_мышами_воевал.png", // Link with UTF-8
            "https://www.eff.org/sites/default/files/chrome150_0.jpg", // Image from HTTPS
            "http://bit.ly/soBiXr", // Redirect link
            "http://img001.us.expono.com/100001/100001-1bc30-2d736f_m.jpg", // EXIF
            "", // Empty link
            "http://wrong.site.com/corruptedLink", // Wrong link
    };
    public static final String[] REPERTORY_COFFEE = new String[]{
            // Heavy images
            "http://img0.imgtn.bdimg.com/it/u=481782362,2281281238&fm=27&gp=0.jpg",
            "http://img3.imgtn.bdimg.com/it/u=2662295575,2327163720&fm=27&gp=0.jpg",
            "http://img5.imgtn.bdimg.com/it/u=2223618349,4183697870&fm=27&gp=0.jpg",
            "http://img3.imgtn.bdimg.com/it/u=1246541772,2879869611&fm=27&gp=0.jpg",
            "http://img5.imgtn.bdimg.com/it/u=1341330770,1460594343&fm=27&gp=0.jpg",
            // Special cases
            "http://cdn.urbanislandz.com/wp-content/uploads/2011/10/MMSposter-large.jpg", // Very large image
            "http://www.ioncannon.net/wp-content/uploads/2011/06/test9.webp", // WebP image
            "http://4.bp.blogspot.com/-LEvwF87bbyU/Uicaskm-g6I/AAAAAAAAZ2c/V-WZZAvFg5I/s800/Pesto+Guacamole+500w+0268.jpg", // Image with "Mark has been invalidated" problem
            "file:///sdcard/Universal Image Loader @#&=+-_.,!()~'%20.png", // Image from SD card with encoded symbols
            "assets://Living Things @#&=+-_.,!()~'%20.jpg", // Image from assets
            "mipmap://" + R.mipmap.ic_launcher, // Image from drawables
            "http://upload.wikimedia.org/wikipedia/ru/b/b6/Как_кот_с_мышами_воевал.png", // Link with UTF-8
            "https://www.eff.org/sites/default/files/chrome150_0.jpg", // Image from HTTPS
            "http://bit.ly/soBiXr", // Redirect link
            "http://img001.us.expono.com/100001/100001-1bc30-2d736f_m.jpg", // EXIF
            "", // Empty link
            "http://wrong.site.com/corruptedLink", // Wrong link
    };

    public static final String[] REPERTORY_CAKE = new String[]{
            // Heavy images
            "http://img3.imgtn.bdimg.com/it/u=2662295575,2327163720&fm=27&gp=0.jpg",
            "http://img5.imgtn.bdimg.com/it/u=2223618349,4183697870&fm=27&gp=0.jpg",
            "http://img3.imgtn.bdimg.com/it/u=1246541772,2879869611&fm=27&gp=0.jpg",
            "http://img5.imgtn.bdimg.com/it/u=1341330770,1460594343&fm=27&gp=0.jpg",
            "http://img0.imgtn.bdimg.com/it/u=481782362,2281281238&fm=27&gp=0.jpg",
            // Special cases
            "http://cdn.urbanislandz.com/wp-content/uploads/2011/10/MMSposter-large.jpg", // Very large image
            "http://www.ioncannon.net/wp-content/uploads/2011/06/test9.webp", // WebP image
            "http://4.bp.blogspot.com/-LEvwF87bbyU/Uicaskm-g6I/AAAAAAAAZ2c/V-WZZAvFg5I/s800/Pesto+Guacamole+500w+0268.jpg", // Image with "Mark has been invalidated" problem
            "file:///sdcard/Universal Image Loader @#&=+-_.,!()~'%20.png", // Image from SD card with encoded symbols
            "assets://Living Things @#&=+-_.,!()~'%20.jpg", // Image from assets
            "mipmap://" + R.mipmap.ic_launcher, // Image from drawables
            "http://upload.wikimedia.org/wikipedia/ru/b/b6/Как_кот_с_мышами_воевал.png", // Link with UTF-8
            "https://www.eff.org/sites/default/files/chrome150_0.jpg", // Image from HTTPS
            "http://bit.ly/soBiXr", // Redirect link
            "http://img001.us.expono.com/100001/100001-1bc30-2d736f_m.jpg", // EXIF
            "", // Empty link
            "http://wrong.site.com/corruptedLink", // Wrong link
    };

    public static final String[] REPERTORY_BREAK = new String[]{

            // Special cases
            "http://cdn.urbanislandz.com/wp-content/uploads/2011/10/MMSposter-large.jpg", // Very large image
            "http://www.ioncannon.net/wp-content/uploads/2011/06/test9.webp", // WebP image
            "http://4.bp.blogspot.com/-LEvwF87bbyU/Uicaskm-g6I/AAAAAAAAZ2c/V-WZZAvFg5I/s800/Pesto+Guacamole+500w+0268.jpg", // Image with "Mark has been invalidated" problem
            "file:///sdcard/Universal Image Loader @#&=+-_.,!()~'%20.png", // Image from SD card with encoded symbols
            "assets://Living Things @#&=+-_.,!()~'%20.jpg", // Image from assets
            "mipmap://" + R.mipmap.ic_launcher, // Image from drawables
            "http://upload.wikimedia.org/wikipedia/ru/b/b6/Как_кот_с_мышами_воевал.png", // Link with UTF-8
            "https://www.eff.org/sites/default/files/chrome150_0.jpg", // Image from HTTPS
            "http://bit.ly/soBiXr", // Redirect link
            "http://img001.us.expono.com/100001/100001-1bc30-2d736f_m.jpg", // EXIF
            "", // Empty link
            "http://wrong.site.com/corruptedLink", // Wrong link

            // Heavy images
            "http://img3.imgtn.bdimg.com/it/u=2662295575,2327163720&fm=27&gp=0.jpg",
            "http://img5.imgtn.bdimg.com/it/u=2223618349,4183697870&fm=27&gp=0.jpg",
            "http://img3.imgtn.bdimg.com/it/u=1246541772,2879869611&fm=27&gp=0.jpg",
            "http://img5.imgtn.bdimg.com/it/u=1341330770,1460594343&fm=27&gp=0.jpg",
            "http://img0.imgtn.bdimg.com/it/u=481782362,2281281238&fm=27&gp=0.jpg",
    };

    private ConstantsImages() {
    }

    public static class Config {
        public static final boolean DEVELOPER_MODE = false;
    }

    public static class Extra {
        public static final String FRAGMENT_INDEX = "com.nostra13.example.universalimageloader.FRAGMENT_INDEX";
        public static final String IMAGE_POSITION = "com.nostra13.example.universalimageloader.IMAGE_POSITION";
    }
}